// CivNexus6 CN6 - Exported from Nexus Buddy 2.5.4
skeleton
0 "GUY" -1 0.00000000 0.00000000 0.00000000 0.00000000 0.00000000 0.00000000 1.00000000 1.00000000 0.00000000 0.00000000 0.00000000 0.00000000 1.00000000 0.00000000 0.00000000 0.00000000 0.00000000 1.00000000 0.00000000 0.00000000 0.00000000 0.00000000 1.00000000
1 "WORLD" 0 0.00000000 0.00000000 0.00000000 0.00000000 0.00000000 0.00000000 1.00000000 1.00000000 0.00000000 0.00000000 0.00000000 0.00000000 1.00000000 0.00000000 0.00000000 0.00000000 0.00000000 1.00000000 0.00000000 0.00000000 0.00000000 0.00000000 1.00000000
2 "RIGGING" 1 0.00000000 0.00000000 0.00000000 0.00000000 0.00000000 0.00000000 1.00000000 1.00000000 0.00000000 0.00000000 0.00000000 0.00000000 1.00000000 0.00000000 0.00000000 0.00000000 0.00000000 1.00000000 0.00000000 0.00000000 0.00000000 0.00000000 1.00000000
3 " FACIAL_RIG_WORLD                         " 2 0.00000000 -0.00000291 0.00000000 0.70710690 0.00000000 0.00000000 0.70710670 1.00000000 0.00000000 0.00000000 0.00000000 0.00000000 -0.00000012 -0.99999990 0.00000000 0.00000000 0.99999990 -0.00000012 0.00000000 0.00000000 0.00000000 -0.00000291 1.00000000
4 "CHARACTER" 0 0.00000000 0.00000000 0.00000000 0.00000000 0.00000000 0.00000000 1.00000000 1.00000000 0.00000000 0.00000000 0.00000000 0.00000000 1.00000000 0.00000000 0.00000000 0.00000000 0.00000000 1.00000000 0.00000000 0.00000000 0.00000000 0.00000000 1.00000000
5 "CHARACTER_PARENT" 4 0.00000000 0.00000000 0.00000000 0.00000000 0.00000000 0.00000000 1.00000000 1.00000000 0.00000000 0.00000000 0.00000000 0.00000000 1.00000000 0.00000000 0.00000000 0.00000000 0.00000000 1.00000000 0.00000000 0.00000000 0.00000000 0.00000000 1.00000000
6 "CHARACTER_ADJUST" 5 0.00000000 0.00000000 0.00000000 0.00000000 0.00000000 0.00000000 1.00000000 1.00000000 0.00000000 0.00000000 0.00000000 0.00000000 1.00000000 0.00000000 0.00000000 0.00000000 0.00000000 1.00000000 0.00000000 0.00000000 0.00000000 0.00000000 1.00000000
7 "PLACEMENT_ctrl" 6 0.00000000 0.00000000 0.00000000 0.00000000 0.00000000 0.00000000 1.00000000 1.00000000 0.00000000 0.00000000 0.00000000 0.00000000 1.00000000 0.00000000 0.00000000 0.00000000 0.00000000 1.00000000 0.00000000 0.00000000 0.00000000 0.00000000 1.00000000
8 "PLACEMENT_FOLLOW" 7 0.00000000 0.00000000 0.00000000 0.00000000 0.00000000 0.00000000 1.00000000 1.00000000 0.00000000 0.00000000 0.00000000 0.00000000 1.00000000 0.00000000 0.00000000 0.00000000 0.00000000 1.00000000 0.00000000 0.00000000 0.00000000 0.00000000 1.00000000
9 "BASE_POINT_jw" 8 0.00000000 0.70762890 40.81177000 0.00000000 0.00000000 0.00000006 1.00000000 1.00000000 -0.00000012 0.00000000 0.00000000 0.00000012 1.00000000 0.00000000 0.00000000 0.00000000 0.00000000 1.00000000 0.00000000 -0.00000008 -0.70762890 -40.81177000 1.00000000
10 "BASE_MOCAP_jor" 9 0.00000000 0.00000000 0.00000000 0.00000000 0.00000000 -0.00000006 1.00000000 1.00000000 0.00000000 0.00000000 0.00000000 0.00000000 1.00000000 0.00000000 0.00000000 0.00000000 0.00000000 1.00000000 0.00000000 0.00000000 -0.70762890 -40.81177000 1.00000000
11 "BASE_PARENT_ctrl" 10 0.00000000 0.00000000 0.00000000 0.00000000 0.00000000 0.00000000 1.00000000 1.00000000 0.00000000 0.00000000 0.00000000 0.00000000 1.00000000 0.00000000 0.00000000 0.00000000 0.00000000 1.00000000 0.00000000 0.00000000 -0.70762890 -40.81177000 1.00000000
12 "BASE_ADJUST_ctrl" 11 0.00000000 0.00000000 0.00000000 0.00000000 0.00000000 0.00000000 1.00000000 1.00000000 0.00000000 0.00000000 0.00000000 0.00000000 1.00000000 0.00000000 0.00000000 0.00000000 0.00000000 1.00000000 0.00000000 0.00000000 -0.70762890 -40.81177000 1.00000000
13 "BASE_ctrl" 12 0.00000000 0.00000000 0.00000000 0.00000000 0.00000000 0.00000000 1.00000000 1.00000000 0.00000000 0.00000000 0.00000000 0.00000000 1.00000000 0.00000000 0.00000000 0.00000000 0.00000000 1.00000000 0.00000000 0.00000000 -0.70762890 -40.81177000 1.00000000
14 "SPINE_SPOT" 13 0.00000572 0.00000000 0.00000381 0.00000000 0.00000003 0.00000001 1.00000000 1.00000000 -0.00000002 0.00000007 0.00000000 0.00000002 1.00000000 0.00000000 0.00000000 -0.00000007 0.00000000 1.00000000 0.00000000 -0.00000293 -0.70762890 -40.81177000 1.00000000
15 "SPINE_BASE_PARENT_jw" 14 -0.08012437 0.02899265 -0.01302338 0.00000004 0.00000004 -0.00000019 1.00000000 1.00000000 0.00000037 0.00000016 0.00000000 -0.00000037 1.00000000 -0.00000009 0.00000000 -0.00000016 0.00000009 1.00000000 0.00000000 0.08012530 -0.73662510 -40.79875000 1.00000000
16 "SPINE_BASE_jor" 15 0.49999980 0.04252899 -0.49819180 0.70646600 -0.03009971 0.70646580 -0.03009960 0.00000031 -0.00000054 1.00000000 0.00000000 -0.08505762 -0.99637620 -0.00000050 0.00000000 0.99637610 -0.08505762 -0.00000046 0.00000000 -40.08824000 4.20419600 -0.41986200 1.00000000
17 "SPINE_A_SPOT_jdr" 16 0.50000000 0.00000000 -0.50000010 0.00000000 0.00000024 -0.00000048 1.00000000 -0.00000011 -0.00000055 0.99999990 0.00000000 -0.08505661 -0.99637570 -0.00000057 0.00000000 0.99637590 -0.08505661 0.00000043 0.00000000 -40.58823000 4.20415500 0.08010177 1.00000000
18 "SPINE_A_jdr" 17 0.00000000 0.00000000 0.00000000 0.00000000 0.00000000 0.00000000 1.00000000 -0.00000029 -0.00000054 0.99999990 0.00000000 -0.08505663 -0.99637600 -0.00000057 0.00000000 0.99637600 -0.08505664 0.00000043 0.00000000 -40.58823000 4.20415600 0.08010177 1.00000000
19 "SPINE_B_SPOT_jdr" 18 2.39877700 0.00000048 0.00000004 0.00000105 0.00000001 -0.01070765 0.99994270 -0.00000014 0.00000155 0.99999990 0.00000000 -0.06370065 -0.99796870 0.00000152 0.00000000 0.99796890 -0.06370065 0.00000058 0.00000000 -43.06718000 3.28266500 0.08009387 1.00000000
20 "SPINE_B_jdr" 19 0.00000000 0.00000024 0.00000000 0.00000105 0.00000000 0.00000000 1.00000000 -0.00000024 0.00000365 0.99999990 0.00000000 -0.06370064 -0.99796870 0.00000362 0.00000000 0.99796890 -0.06370065 0.00000071 0.00000000 -43.06718000 3.28266500 0.08008695 1.00000000
21 "SPINE_C_SPOT_jdr" 20 2.74543400 0.00000048 0.00000034 0.00000000 0.00000000 -0.05183781 0.99865560 -0.00000062 0.00000362 0.99999990 0.00000000 0.03996761 -0.99920060 0.00000364 0.00000000 0.99920080 0.03996761 0.00000069 0.00000000 -45.90628000 -1.47824200 0.08008706 1.00000000
22 "SPINE_C_jdr" 21 0.00000381 -0.00000012 0.00000000 0.00000000 0.00000000 0.00000000 1.00000000 -0.00000062 0.00000362 0.99999990 0.00000000 0.03996761 -0.99920060 0.00000365 0.00000000 0.99920080 0.03996761 0.00000069 0.00000000 -45.90628000 -1.47824200 0.08008707 1.00000000
23 "SPINE_D_SPOT_jdr" 22 2.91706800 0.00000060 0.00000016 0.00000001 0.00000015 -0.06425552 0.99793340 -0.00000150 0.00000349 1.00000000 0.00000000 0.16778060 -0.98582450 0.00000368 0.00000000 0.98582450 0.16778060 0.00000082 0.00000000 -48.23063000 -7.72741100 0.08007989 1.00000000
24 "SPINE_D_jdr" 23 0.00000000 0.00000095 0.00000000 0.00000000 -0.00000009 0.00000000 1.00000000 -0.00000132 0.00000350 1.00000000 0.00000000 0.16778060 -0.98582450 0.00000366 0.00000000 0.98582450 0.16778060 0.00000071 0.00000000 -48.23063000 -7.72741200 0.08008565 1.00000000
25 "SPINE_E_SPOT_jdr" 24 3.63693600 0.00000048 0.00000051 0.00000000 0.00000000 0.00797604 0.99996830 -0.00000115 0.00000353 0.99999990 0.00000000 0.15203380 -0.98837510 0.00000369 0.00000000 0.98837520 0.15203380 0.00000088 0.00000000 -51.98421000 -6.89905900 0.08007590 1.00000000
26 "SPINE_E_jdr" 25 -0.00000381 -0.00000048 0.00000000 0.00000000 0.00000000 0.00000006 1.00000000 -0.00000115 0.00000353 0.99999990 0.00000000 0.15203370 -0.98837510 0.00000369 0.00000000 0.98837520 0.15203370 0.00000088 0.00000000 -51.98421000 -6.89905400 0.08007590 1.00000000
27 "SPINE_F_SPOT_jdr" 26 4.39442400 0.00001574 0.00000061 0.00000000 0.00000000 0.07649944 0.99706970 -0.00000065 0.00000366 0.99999990 0.00000000 -0.00052294 -0.99999960 0.00000366 0.00000000 0.99999980 -0.00052294 0.00000096 0.00000000 -56.77121000 1.78226800 0.08007009 1.00000000
28 "SPINE_F_jdr" 27 0.00000381 0.00000048 0.00000000 0.00000000 0.00000000 0.00000003 1.00000000 -0.00000065 0.00000366 0.99999990 0.00000000 -0.00052300 -0.99999960 0.00000366 0.00000000 0.99999980 -0.00052300 0.00000096 0.00000000 -56.77122000 1.78227100 0.08007009 1.00000000
29 "SPINE_G_SPOT_jdr" 28 4.25556200 -0.00000072 0.00000053 0.00000000 0.00000000 0.10031080 0.99495610 0.00000003 0.00000373 1.00000000 0.00000000 -0.20012230 -0.97977100 0.00000367 0.00000000 0.97977100 -0.20012220 0.00000069 0.00000000 -59.44290000 13.92795000 0.08008463 1.00000000
30 "SPINE_G_jdr" 29 0.00000381 0.00000000 0.00000000 0.00000000 0.00000000 0.00000003 1.00000000 0.00000003 0.00000374 1.00000000 0.00000000 -0.20012230 -0.97977100 0.00000367 0.00000000 0.97977100 -0.20012230 0.00000069 0.00000000 -59.44290000 13.92795000 0.08008463 1.00000000
31 "SPINE_TOP_jdr" 30 3.21256300 0.00000000 0.00000033 0.00000000 0.00000000 -0.00000009 1.00000000 0.00000003 0.00000373 1.00000000 0.00000000 -0.20012210 -0.97977110 0.00000365 0.00000000 0.97977110 -0.20012210 0.00000069 0.00000000 -62.65547000 13.92794000 0.08008445 1.00000000
32 "SPINE_TOP_jb" 31 0.00000000 0.00000000 0.00000000 -0.00000191 0.00000000 0.00000000 1.00000000 0.00000010 -0.00000009 1.00000000 0.00000000 -0.20012210 -0.97977110 -0.00000007 0.00000000 0.97977110 -0.20012210 -0.00000014 0.00000000 -62.65547000 13.92794000 0.08014132 1.00000000
33 "CLAVIAL_POINT_jw" 32 0.00000000 -0.00000095 0.00000000 0.70352170 -0.07111435 0.70352170 0.07111423 1.00000000 -0.00000010 0.00000008 0.00000000 0.00000010 1.00000000 -0.00000034 0.00000000 -0.00000008 0.00000034 1.00000000 0.00000000 0.08013742 -1.10747100 -64.17529000 1.00000000
34 "CLAVICALS_SPOT" 33 0.08011676 -0.00000060 0.00000000 0.00000003 0.00000000 0.00000000 1.00000000 1.00000000 -0.00000010 0.00000008 0.00000000 0.00000010 1.00000000 -0.00000040 0.00000000 -0.00000008 0.00000040 1.00000000 0.00000000 0.00002066 -1.10747500 -64.17529000 1.00000000
35 "CLAVICAL_R_jror" 34 0.00000000 0.00000000 0.00000000 0.00000000 0.00000000 0.00000000 1.00000000 1.00000000 -0.00000010 0.00000008 0.00000000 0.00000010 1.00000000 -0.00000040 0.00000000 -0.00000008 0.00000040 1.00000000 0.00000000 0.00002067 -1.10747500 -64.17529000 1.00000000
36 "CLAV_RA_POINT" 35 -1.70706900 -3.08666600 -2.43134300 0.98581430 -0.16566440 0.02656642 0.00446485 0.94369910 -0.32686570 0.05089969 0.00000000 -0.32639130 -0.94507050 -0.01760483 0.00000000 0.05385823 0.00000045 -0.99854820 0.00000000 -2.36044400 -2.42851300 61.70636000 1.00000000
37 "CLAV_RA_SPOT" 36 0.00000072 0.00000000 0.00000000 0.00000000 0.00000000 0.00000000 1.00000000 0.94369910 -0.32686570 0.05089969 0.00000000 -0.32639130 -0.94507050 -0.01760483 0.00000000 0.05385823 0.00000045 -0.99854820 0.00000000 -2.36044500 -2.42851300 61.70636000 1.00000000
38 "CLAV_RA_DR" 37 0.00000024 0.00000024 -0.00000381 0.00000000 -0.00000001 0.00000000 1.00000000 0.94369910 -0.32686570 0.05089968 0.00000000 -0.32639130 -0.94507050 -0.01760483 0.00000000 0.05385822 0.00000044 -0.99854820 0.00000000 -2.36044400 -2.42851300 61.70636000 1.00000000
39 "CLAV_RA_ADJ" 38 0.00000000 -0.00000024 0.00000000 0.00000000 0.00000000 -0.00000001 1.00000000 0.94369910 -0.32686570 0.05089968 0.00000000 -0.32639130 -0.94507050 -0.01760483 0.00000000 0.05385822 0.00000044 -0.99854820 0.00000000 -2.36044400 -2.42851300 61.70636000 1.00000000
40 "CLAV_RB_SPOT" 39 -6.53235200 -0.00000215 0.00000381 -0.00000021 0.00000000 -0.00000002 1.00000000 0.94369910 -0.32686580 0.05089955 0.00000000 -0.32639130 -0.94507070 -0.01760522 0.00000000 0.05385823 0.00000086 -0.99854860 0.00000000 4.17191000 -2.42853800 61.70638000 1.00000000
41 "CLAV_RB_DR" 40 -0.00000048 0.00000000 0.00000000 0.00000000 0.00000000 -0.00000001 1.00000000 0.94369910 -0.32686580 0.05089955 0.00000000 -0.32639130 -0.94507070 -0.01760522 0.00000000 0.05385823 0.00000086 -0.99854860 0.00000000 4.17191000 -2.42853800 61.70638000 1.00000000
42 "CLAVICAL_L_jlor" 34 0.00000000 0.00000000 0.00000000 0.00000000 0.00000000 0.00000000 1.00000000 1.00000000 -0.00000010 0.00000008 0.00000000 0.00000010 1.00000000 -0.00000040 0.00000000 -0.00000008 0.00000040 1.00000000 0.00000000 0.00002066 -1.10747500 -64.17529000 1.00000000
43 "CLAV_LA_POINT" 42 1.70706900 -3.08666600 -2.43134300 -0.00446470 0.02656646 0.16566460 0.98581420 0.94369890 -0.32686640 0.05089998 0.00000000 0.32639200 0.94507060 0.01760457 0.00000000 -0.05385842 -0.00000007 0.99854860 0.00000000 2.36048700 2.42848100 -61.70638000 1.00000000
44 "CLAV_LA_SPOT" 43 0.00000072 0.00000000 0.00000381 0.00000000 0.00000000 0.00000001 1.00000000 0.94369890 -0.32686640 0.05089998 0.00000000 0.32639200 0.94507060 0.01760457 0.00000000 -0.05385842 -0.00000007 0.99854860 0.00000000 2.36048600 2.42848100 -61.70638000 1.00000000
45 "CLAV_LA_DR" 44 0.00000000 0.00000000 -0.00000763 0.00000000 0.00000000 0.00000002 1.00000000 0.94369890 -0.32686640 0.05089998 0.00000000 0.32639190 0.94507060 0.01760457 0.00000000 -0.05385841 -0.00000006 0.99854860 0.00000000 2.36048600 2.42848100 -61.70637000 1.00000000
46 "CLAV_LA_ADJ" 45 0.00000024 0.00000000 0.00000000 0.00000000 0.00000000 -0.00000001 1.00000000 0.94369890 -0.32686640 0.05089998 0.00000000 0.32639190 0.94507060 0.01760457 0.00000000 -0.05385842 -0.00000007 0.99854860 0.00000000 2.36048600 2.42848100 -61.70637000 1.00000000
47 "CLAV_LB_SPOT" 46 6.53235000 0.00000048 0.00000381 0.00000000 0.00000000 0.00000000 1.00000000 0.94369890 -0.32686630 0.05089998 0.00000000 0.32639190 0.94507060 0.01760457 0.00000000 -0.05385841 -0.00000007 0.99854860 0.00000000 -4.17186600 2.42848100 -61.70638000 1.00000000
48 "CLAV_LB_DR" 47 -0.00000048 -0.00000024 0.00000000 0.00000000 0.00000000 -0.00000001 1.00000000 0.94369890 -0.32686630 0.05089998 0.00000000 0.32639190 0.94507060 0.01760456 0.00000000 -0.05385841 -0.00000007 0.99854860 0.00000000 -4.17186600 2.42848100 -61.70638000 1.00000000
49 "CLAV_RB_jb" 41 0.00000000 0.00000000 0.00000000 0.00000000 0.00000000 -0.00000001 1.00000000 0.94369910 -0.32686580 0.05089955 0.00000000 -0.32639130 -0.94507070 -0.01760522 0.00000000 0.05385823 0.00000086 -0.99854860 0.00000000 4.17191100 -2.42853800 61.70638000 1.00000000
50 "CLAV_LB_jb" 48 -0.00000048 0.00000000 0.00000000 0.00000000 0.00000000 0.00000000 1.00000000 0.94369890 -0.32686630 0.05089998 0.00000000 0.32639190 0.94507060 0.01760456 0.00000000 -0.05385841 -0.00000007 0.99854860 0.00000000 -4.17186600 2.42848100 -61.70638000 1.00000000
51 "FACIAL_RIG_BASE" 3 -500.00000000 0.00000000 500.00000000 0.00000000 0.00000000 0.00000000 1.00000000 1.00000000 0.00000000 0.00000000 0.00000000 0.00000000 -0.00000012 -0.99999990 0.00000000 0.00000000 0.99999990 -0.00000012 0.00000000 500.00000000 -0.00003775 -499.99990000 1.00000000
52 "FACIAL_RIG_PARENT" 51 0.00000000 0.00000000 0.00000000 0.00000000 0.00000000 0.00000000 1.00000000 1.00000000 0.00000000 0.00000000 0.00000000 0.00000000 -0.00000012 -0.99999990 0.00000000 0.00000000 0.99999990 -0.00000012 0.00000000 500.00000000 -0.00003775 -499.99990000 1.00000000
53 "SKELETONS" 1 0.00000000 0.00000000 0.00000000 0.00000000 0.00000000 0.00000000 1.00000000 1.00000000 0.00000000 0.00000000 0.00000000 0.00000000 1.00000000 0.00000000 0.00000000 0.00000000 0.00000000 1.00000000 0.00000000 0.00000000 0.00000000 0.00000000 1.00000000
54 "HEAD_SKELETON_WORLD" 53 0.00000153 0.00000000 -0.00000381 0.00000000 0.00000000 0.00000000 1.00000000 1.00000000 0.00000000 0.00000000 0.00000000 0.00000000 1.00000000 0.00000000 0.00000000 0.00000000 0.00000000 1.00000000 0.00000000 -0.00000153 0.00000000 0.00000381 1.00000000
55 "HEAD_SPOT_PARENT_jor" 54 -0.00000594 0.36263380 68.55780000 0.70699270 -0.01265740 0.70699430 -0.01265668 -0.00000212 -0.00000099 0.99999990 0.00000000 -0.03579377 -0.99935910 -0.00000107 0.00000000 0.99935910 -0.03579377 0.00000223 0.00000000 -68.50088000 2.81634300 -0.00014796 1.00000000
56 "HEAD_jdr" 55 0.00000000 0.00000000 0.00000000 0.00000000 0.00000000 0.00000000 1.00000000 -0.00000212 -0.00000099 0.99999990 0.00000000 -0.03579377 -0.99935910 -0.00000107 0.00000000 0.99935910 -0.03579377 0.00000223 0.00000000 -68.50088000 2.81634300 -0.00014796 1.00000000
57 "HEAD_ADJ" 56 -0.00000763 -0.00000024 0.00001617 0.70699240 -0.01265842 0.70699470 0.01265542 1.00000000 -0.00000322 0.00000093 0.00000000 0.00000322 1.00000000 -0.00000034 0.00000000 -0.00000093 0.00000034 1.00000000 0.00000000 0.00005069 -0.36265750 -68.55779000 1.00000000
58 "HEAD_ctrl" 57 0.00000000 0.00000000 0.00000000 0.00000000 0.00000000 0.00000000 1.00000000 1.00000000 -0.00000322 0.00000093 0.00000000 0.00000322 1.00000000 -0.00000034 0.00000000 -0.00000093 0.00000034 1.00000000 0.00000000 0.00005069 -0.36265750 -68.55779000 1.00000000
59 "FACIAL_RIG_HEAD_PLACER" 58 0.00000991 0.00000000 0.00000000 0.00000015 0.00000046 0.00000161 1.00000000 1.00000000 -0.00000643 0.00000184 0.00000000 0.00000643 1.00000000 -0.00000064 0.00000000 -0.00000184 0.00000064 1.00000000 0.00000000 0.00010201 -0.36267840 -68.55779000 1.00000000
60 "FACIAL_RIG_HEAD_ADJUST" 59 0.00000991 0.00000000 0.00000000 0.00000015 0.00000046 0.00000161 1.00000000 1.00000000 -0.00000964 0.00000275 0.00000000 0.00000964 1.00000000 -0.00000095 0.00000000 -0.00000275 0.00000095 1.00000000 0.00000000 0.00015332 -0.36269930 -68.55779000 1.00000000
61 "FACIAL_RIG_HEAD_DR" 60 0.00000000 0.00000000 0.00000000 0.00000000 0.00000000 0.00000000 1.00000000 1.00000000 -0.00000964 0.00000275 0.00000000 0.00000964 1.00000000 -0.00000095 0.00000000 -0.00000275 0.00000095 1.00000000 0.00000000 0.00015332 -0.36269930 -68.55779000 1.00000000
62 "BROW_R_SKELETON" 61 0.00021813 -0.36272430 -68.55781000 0.70710630 -0.00000590 -0.00000320 0.70710720 1.00000000 -0.00000107 -0.00000323 0.00000000 -0.00000323 0.00000036 -1.00000000 0.00000000 0.00000107 1.00000000 0.00000036 0.00000000 -0.00006357 0.00001526 -0.00002369 1.00000000
63 "BROW_L_SKELETON" 61 0.00021813 -0.36272430 -68.55781000 0.70710630 -0.00000590 -0.00000320 0.70710720 1.00000000 -0.00000107 -0.00000323 0.00000000 -0.00000323 0.00000036 -1.00000000 0.00000000 0.00000107 1.00000000 0.00000036 0.00000000 -0.00006357 0.00001526 -0.00002369 1.00000000
64 "EYE_SKELETONS" 61 0.00021813 -0.36272430 -68.55781000 0.70710630 -0.00000590 -0.00000320 0.70710720 1.00000000 -0.00000107 -0.00000323 0.00000000 -0.00000323 0.00000036 -1.00000000 0.00000000 0.00000107 1.00000000 0.00000036 0.00000000 -0.00006357 0.00001526 -0.00002369 1.00000000
65 "CHEEKBONE_SKELETON" 61 0.00021813 -0.36272430 -68.55781000 0.70710630 -0.00000590 -0.00000320 0.70710720 1.00000000 -0.00000107 -0.00000323 0.00000000 -0.00000323 0.00000036 -1.00000000 0.00000000 0.00000107 1.00000000 0.00000036 0.00000000 -0.00006357 0.00001526 -0.00002369 1.00000000
66 "NOSE_SKELETON" 61 0.00021813 -0.36272430 -68.55781000 0.70710630 -0.00000590 -0.00000320 0.70710720 1.00000000 -0.00000107 -0.00000323 0.00000000 -0.00000323 0.00000036 -1.00000000 0.00000000 0.00000107 1.00000000 0.00000036 0.00000000 -0.00006357 0.00001526 -0.00002369 1.00000000
67 "DYNAMICS" 1 0.00000000 0.00000000 0.00000000 0.00000000 0.00000000 0.00000000 1.00000000 1.00000000 0.00000000 0.00000000 0.00000000 0.00000000 1.00000000 0.00000000 0.00000000 0.00000000 0.00000000 1.00000000 0.00000000 0.00000000 0.00000000 0.00000000 1.00000000
68 "MOUTH_SKELETONS" 61 0.00021813 -0.36272430 -68.55781000 0.70710630 -0.00000590 -0.00000320 0.70710720 1.00000000 -0.00000107 -0.00000323 0.00000000 -0.00000323 0.00000036 -1.00000000 0.00000000 0.00000107 1.00000000 0.00000036 0.00000000 -0.00006357 0.00001526 -0.00002369 1.00000000
69 "SPINE_BIND_SKELETON_WORLD" 53 0.00000077 0.00000000 0.00000000 0.00000000 0.00000000 0.00000000 1.00000000 1.00000000 0.00000000 0.00000000 0.00000000 0.00000000 1.00000000 0.00000000 0.00000000 0.00000000 0.00000000 1.00000000 0.00000000 -0.00000077 0.00000000 0.00000000 1.00000000
70 "ARM_L_WORLD" 53 0.00000000 0.00000000 0.00000000 0.00000000 0.00000000 0.00000000 1.00000000 1.00000000 0.00000000 0.00000000 0.00000000 0.00000000 1.00000000 0.00000000 0.00000000 0.00000000 0.00000000 1.00000000 0.00000000 0.00000000 0.00000000 0.00000000 1.00000000
71 "ARM_R_WORLD" 53 0.00000000 0.00000000 0.00000000 0.00000000 0.00000000 0.00000000 1.00000000 1.00000000 0.00000000 0.00000000 0.00000000 0.00000000 1.00000000 0.00000000 0.00000000 0.00000000 0.00000000 1.00000000 0.00000000 0.00000000 0.00000000 0.00000000 1.00000000
72 "COAT_TAILS_PARENT_jor" 67 0.00000000 0.70762890 40.81177000 0.00000000 0.00000000 0.00000000 1.00000000 1.00000000 0.00000000 0.00000000 0.00000000 0.00000000 1.00000000 0.00000000 0.00000000 0.00000000 0.00000000 1.00000000 0.00000000 0.00000000 -0.70762890 -40.81177000 1.00000000
73 "TAIL_RFA_POINT" 72 -8.41100000 0.00000000 -2.45369700 0.00000000 0.00000000 0.00000000 1.00000000 1.00000000 0.00000000 0.00000000 0.00000000 0.00000000 1.00000000 0.00000000 0.00000000 0.00000000 0.00000000 1.00000000 0.00000000 8.41100000 -0.70762890 -38.35807000 1.00000000
74 "TAIL_RFA_SPOT" 73 0.00000000 0.00000000 0.00000000 0.00000000 -0.68835460 0.00000000 0.72537440 0.05233603 0.00000000 -0.99862950 0.00000000 0.00000000 1.00000000 0.00000000 0.00000000 0.99862950 0.00000000 0.05233603 0.00000000 -37.86530000 -0.70762890 -10.40698000 1.00000000
75 "TAIL_LFA_POINT" 72 8.41133400 0.00000000 -2.45369700 0.00000000 0.00000000 0.00000000 1.00000000 1.00000000 0.00000000 0.00000000 0.00000000 0.00000000 1.00000000 0.00000000 0.00000000 0.00000000 0.00000000 1.00000000 0.00000000 -8.41133400 -0.70762890 -38.35807000 1.00000000
76 "TAIL_LFA_SPOT" 75 0.00000000 0.00000000 0.00000000 0.00000000 -0.72537430 0.00000000 0.68835460 -0.05233585 0.00000000 -0.99862950 0.00000000 0.00000000 1.00000000 0.00000000 0.00000000 0.99862950 0.00000000 -0.05233585 0.00000000 -37.86528000 -0.70762890 10.40731000 1.00000000
77 "LEG_R_WORLD" 53 0.00000000 0.00000000 0.00000000 0.00000000 0.00000000 0.00000000 1.00000000 1.00000000 0.00000000 0.00000000 0.00000000 0.00000000 1.00000000 0.00000000 0.00000000 0.00000000 0.00000000 1.00000000 0.00000000 0.00000000 0.00000000 0.00000000 1.00000000
78 "LEG_R_PARENT_or" 77 -4.33099300 0.61695690 39.19899000 0.00000000 0.00000000 0.00000000 1.00000000 1.00000000 0.00000000 0.00000000 0.00000000 0.00000000 1.00000000 0.00000000 0.00000000 0.00000000 0.00000000 1.00000000 0.00000000 4.33099300 -0.61695690 -39.19899000 1.00000000
79 "LEG_R_ADJ_jw" 78 -0.00000048 -0.00000006 0.00000000 -0.00000004 0.00000016 0.00000016 1.00000000 1.00000000 -0.00000033 0.00000033 0.00000000 0.00000033 1.00000000 0.00000009 0.00000000 -0.00000033 -0.00000009 1.00000000 0.00000000 4.33100600 -0.61695490 -39.19899000 1.00000000
80 "LEG_R_SPOT" 79 -0.00032902 -0.00000006 0.00000000 0.01780845 -0.69504630 -0.01836928 0.71850960 0.03314652 0.00164129 -0.99944910 0.00000000 -0.05115232 0.99869090 -0.00005641 0.00000000 0.99814060 0.05112601 0.03318712 0.00000000 -38.95097000 -2.61312800 -5.62980300 1.00000000
81 "LEG_R_ADJ" 80 0.00000381 -0.00000143 -0.00000715 -0.00000024 -0.00000023 0.00000000 1.00000000 0.03314626 0.00164178 -0.99944910 0.00000000 -0.05115231 0.99869080 -0.00005592 0.00000000 0.99814060 0.05112598 0.03318685 0.00000000 -38.95098000 -2.61312300 -5.62978500 1.00000000
82 "LEG_UR_ctrl" 81 0.00000000 -0.00000024 0.00000000 0.00000000 0.00000000 0.00000000 1.00000000 0.03314626 0.00164178 -0.99944910 0.00000000 -0.05115231 0.99869080 -0.00005592 0.00000000 0.99814060 0.05112598 0.03318685 0.00000000 -38.95098000 -2.61312300 -5.62978500 1.00000000
83 "KNEE_RA_SPOT_ctl" 82 -18.24155000 0.00001574 -0.00008440 0.00000024 0.00000000 -0.00872654 0.99996190 0.03311248 0.00221953 -0.99944930 0.00000000 -0.06857409 0.99764600 -0.00005639 0.00000000 0.99709650 0.06853818 0.03318679 0.00000000 -20.66068000 -2.97417300 -5.62969900 1.00000000
84 "KNEE_RA_ctrl" 83 -0.00000191 0.00000000 0.00000000 0.00000024 0.00000000 -0.00436331 0.99999060 0.03309182 0.00250792 -0.99944910 0.00000000 -0.07727747 0.99700960 -0.00005685 0.00000000 0.99646020 0.07723679 0.03318663 0.00000000 -20.63393000 -3.15435900 -5.62969400 1.00000000
85 "KNEE_RB_CTL_DR" 84 -1.75884200 -0.00000381 0.00013351 0.00000024 0.00000000 -0.00436270 0.99999060 0.03306897 0.00279610 -0.99944930 0.00000000 -0.08597375 0.99629740 -0.00005734 0.00000000 0.99574850 0.08592828 0.03318691 0.00000000 -18.84685000 -3.31892800 -5.62983300 1.00000000
86 "ANKLE_R_CRL" 85 -15.91568000 0.00006866 -0.00053501 0.00000000 -0.00000001 0.00000000 1.00000000 0.03306866 0.00279609 -0.99944910 0.00000000 -0.08597376 0.99629740 -0.00005733 0.00000000 0.99574840 0.08592831 0.03318660 0.00000000 -2.93117600 -3.31899700 -5.62929200 1.00000000
87 "ANKLE_R__WORLD" 86 0.00000048 0.00000048 -0.00000095 -0.02993606 0.69462970 0.03090539 0.71807960 1.00000000 -0.00000001 -0.00000001 0.00000000 0.00000001 1.00000000 0.00000026 0.00000000 0.00000001 -0.00000026 1.00000000 0.00000000 5.51998000 -3.05438000 -3.39072800 1.00000000
88 "ANKLE_R_FK_ctrl" 87 0.00000048 0.00000000 0.00000000 0.00000000 0.00000000 0.00000000 1.00000000 1.00000000 -0.00000001 -0.00000001 0.00000000 0.00000001 1.00000000 0.00000026 0.00000000 0.00000001 -0.00000026 1.00000000 0.00000000 5.51998000 -3.05438000 -3.39072800 1.00000000
89 "ANKLE_R_FK_PARENTER" 88 0.00000000 0.00000000 0.00000000 0.00000000 0.00000000 0.00000000 1.00000000 1.00000000 -0.00000001 -0.00000001 0.00000000 0.00000001 1.00000000 0.00000026 0.00000000 0.00000001 -0.00000026 1.00000000 0.00000000 5.51998000 -3.05438000 -3.39072800 1.00000000
90 "ANKLE_R_FK_PARENT_or" 89 -0.19704390 -0.00507689 -0.00109196 0.00000018 0.00000005 -0.05233600 0.99862950 0.99452190 0.10452850 0.00000008 0.00000000 -0.10452850 0.99452190 -0.00000009 0.00000000 -0.00000009 0.00000009 1.00000000 0.00000000 6.00444600 -2.43500800 -3.38963500 1.00000000
91 "ANKLE_ORIENTATION_R_ADJ" 90 -0.00000143 0.00000024 0.00000072 0.50000020 0.49999990 0.49999980 0.50000010 0.10452900 0.00000046 0.99452170 0.00000000 0.99452180 -0.00000017 -0.10452900 0.00000000 0.00000020 0.99999990 -0.00000035 0.00000000 -2.43500600 -3.38963300 6.00444800 1.00000000
92 "LEG_L_WORLD" 53 0.00000000 0.00000000 0.00000000 0.00000000 0.00000000 0.00000000 1.00000000 1.00000000 0.00000000 0.00000000 0.00000000 0.00000000 1.00000000 0.00000000 0.00000000 0.00000000 0.00000000 1.00000000 0.00000000 0.00000000 0.00000000 0.00000000 1.00000000
93 "LEG_L_PARENT_or" 92 4.33133800 0.61695580 39.19899000 0.00000000 0.00000000 0.00000000 1.00000000 1.00000000 0.00000000 0.00000000 0.00000000 0.00000000 1.00000000 0.00000000 0.00000000 0.00000000 0.00000000 1.00000000 0.00000000 -4.33133800 -0.61695580 -39.19899000 1.00000000
94 "LEG_L_ADJ_jw" 93 -0.00000048 -0.00000006 0.00000000 -0.00000004 0.00000016 0.00000016 1.00000000 1.00000000 -0.00000033 0.00000033 0.00000000 0.00000033 1.00000000 0.00000009 0.00000000 -0.00000033 -0.00000009 1.00000000 0.00000000 -4.33132500 -0.61695090 -39.19899000 1.00000000
95 "LEG_L_SPOT" 94 -0.00000048 -0.00000006 0.00000000 0.01836977 -0.71851000 -0.01780795 0.69504590 -0.03314696 -0.00164334 -0.99944910 0.00000000 -0.05115233 0.99869090 0.00005439 0.00000000 0.99814060 0.05112595 -0.03318764 0.00000000 -38.95097000 -2.61311600 5.62983900 1.00000000
96 "LEG_L_ADJ" 95 0.00000381 -0.00000143 -0.00000811 -0.00000024 -0.00000024 0.00000000 1.00000000 -0.03314734 -0.00164286 -0.99944900 0.00000000 -0.05115232 0.99869080 0.00005488 0.00000000 0.99814050 0.05112596 -0.03318797 0.00000000 -38.95097000 -2.61311700 5.62985900 1.00000000
97 "LEG_UL_ctrl" 96 0.00000000 -0.00000024 0.00000000 0.00000000 0.00000000 0.00000000 1.00000000 -0.03314734 -0.00164286 -0.99944900 0.00000000 -0.05115232 0.99869080 0.00005488 0.00000000 0.99814050 0.05112596 -0.03318797 0.00000000 -38.95097000 -2.61311600 5.62985900 1.00000000
98 "KNEE_LA_SPOT_ctl" 97 -18.24155000 0.00001597 -0.00008440 0.00000024 0.00000000 -0.00872648 0.99996190 -0.03311371 -0.00222159 -0.99944910 0.00000000 -0.06857399 0.99764600 0.00005441 0.00000000 0.99709640 0.06853801 -0.03318811 0.00000000 -20.66066000 -2.97415900 5.62994900 1.00000000
99 "KNEE_LA_ctrl" 98 -0.00000763 -0.00000024 0.00000286 0.00000022 0.00000000 -0.00436331 0.99999060 -0.03309314 -0.00251092 -0.99944900 0.00000000 -0.07727738 0.99700960 0.00005398 0.00000000 0.99646010 0.07723659 -0.03318828 0.00000000 -20.63391000 -3.15433900 5.62995000 1.00000000
100 "KNEE_LB_CTL_DR" 99 -1.75884200 -0.00000405 0.00013351 0.00000024 0.00000000 -0.00436271 0.99999060 -0.03306993 -0.00280004 -0.99944910 0.00000000 -0.08597367 0.99629740 0.00005351 0.00000000 0.99574830 0.08592807 -0.03318825 0.00000000 -18.84683000 -3.31890300 5.62981700 1.00000000
101 "ANKLE_L_CRL" 100 -15.91567000 0.00006866 -0.00053501 0.00000000 0.00000000 0.00000001 1.00000000 -0.03306993 -0.00280004 -0.99944910 0.00000000 -0.08597367 0.99629740 0.00005351 0.00000000 0.99574830 0.08592805 -0.03318825 0.00000000 -2.93117200 -3.31897100 5.63035000 1.00000000
102 "ANKLE_L__WORLD" 101 0.00000095 0.00000048 -0.00000048 -0.03090756 0.71808000 0.02993544 0.69462910 1.00000000 0.00000009 0.00000034 0.00000000 -0.00000009 1.00000000 0.00000261 0.00000000 -0.00000034 -0.00000261 1.00000000 0.00000000 -5.52102000 -3.05436900 -3.39077500 1.00000000
103 "ANKLE_L_FK_ctrl" 102 0.00000048 0.00000000 0.00000000 0.00000000 0.00000000 0.00000000 1.00000000 1.00000000 0.00000009 0.00000034 0.00000000 -0.00000009 1.00000000 0.00000261 0.00000000 -0.00000034 -0.00000261 1.00000000 0.00000000 -5.52102100 -3.05436900 -3.39077500 1.00000000
104 "ANKLE_L_FK_PARENT_or" 103 0.19557090 -0.00468373 -0.00112939 0.00000134 -0.00000020 0.05233594 0.99862950 0.99452190 -0.10452840 0.00000009 0.00000000 0.10452840 0.99452190 -0.00000008 0.00000000 -0.00000009 0.00000008 1.00000000 0.00000000 -6.00405600 -2.43544200 -3.38963600 1.00000000
105 "ANKLE_ORIENTATION_L_ADJ" 104 -0.00000143 0.00000000 0.00000072 0.50000020 0.49999990 0.49999980 0.50000010 -0.10452770 0.00000026 0.99452190 0.00000000 0.99452190 -0.00000015 0.10452780 0.00000000 0.00000026 0.99999990 -0.00000015 0.00000000 -2.43544600 -3.38963700 -6.00405300 1.00000000
106 "LEG_RA_DR" 81 0.00000000 -0.00000024 0.00000000 -0.02654512 0.00194291 -0.00404609 0.99963750 0.03679882 0.05496158 -0.99781000 0.00000000 -0.05933171 0.99684510 0.05272032 0.00000000 0.99755970 0.05726174 0.03994364 0.00000000 -38.90734000 -2.62155500 -5.92010500 1.00000000
107 "LEG_LA_DR" 96 0.00000000 -0.00000024 0.00000000 0.02667719 -0.00294794 -0.00820174 0.99960610 -0.03856813 -0.05553093 -0.99771170 0.00000000 -0.06767689 0.99630730 -0.05283659 0.00000000 0.99696140 0.06548421 -0.04218386 0.00000000 -38.87107000 -2.94106700 6.00759600 1.00000000
108 "TAIL_RBA_POINT" 72 -4.30900000 6.05317200 -3.46514500 0.00000000 0.00000000 0.00000000 1.00000000 1.00000000 0.00000000 0.00000000 0.00000000 0.00000000 1.00000000 0.00000000 0.00000000 0.00000000 0.00000000 1.00000000 0.00000000 4.30900000 -6.76080000 -37.34662000 1.00000000
109 "TAIL_RBA_SPOT" 108 0.00000000 0.00000000 0.00000000 0.10072770 -0.69989580 -0.10072770 0.69989560 -0.00000024 -0.00000004 -1.00000000 0.00000000 -0.28199540 0.95941580 0.00000004 0.00000000 0.95941570 0.28199540 -0.00000024 0.00000000 -33.92442000 -17.01800000 -4.30899100 1.00000000
110 "FACIAL_Camera" 52 0.00000000 69.50415000 25.00000000 0.00000000 0.00000000 0.00000000 1.00000000 1.00000000 0.00000000 0.00000000 0.00000000 0.00000000 -0.00000012 -0.99999990 0.00000000 0.00000000 0.99999990 -0.00000012 0.00000000 500.00000000 -69.50418000 -524.99990000 1.00000000
111 "HEAD_jb" 58 -0.00000001 0.00000000 0.00000000 0.00000000 0.00000000 0.00000000 1.00000000 1.00000000 -0.00000322 0.00000093 0.00000000 0.00000322 1.00000000 -0.00000034 0.00000000 -0.00000093 0.00000034 1.00000000 0.00000000 0.00005070 -0.36265750 -68.55779000 1.00000000
112 "HIPS_jb" 69 0.00000686 0.70762890 40.81177000 0.00000000 0.00000000 -0.00000001 1.00000000 1.00000000 0.00000003 0.00000000 0.00000000 -0.00000003 1.00000000 0.00000000 0.00000000 0.00000000 0.00000000 1.00000000 0.00000000 -0.00000761 -0.70762890 -40.81177000 1.00000000
113 "LUNG_R_jb" 69 -3.28012200 -0.77931850 55.77566000 0.36860130 -0.51222070 0.48747370 0.60343380 -0.00000140 -0.96592680 -0.25881590 0.00000000 0.21070580 0.25300500 -0.94424130 0.00000000 0.97754960 -0.05453537 0.20352610 0.00000000 -54.35927000 0.07056093 -12.93661000 1.00000000
114 "LUNG_L_jb" 69 3.11987800 -0.77929530 55.77566000 0.51222180 -0.36859970 0.60343600 0.48747120 -0.00000133 -0.96592470 0.25882280 0.00000000 0.21070560 -0.25301230 -0.94423930 0.00000000 0.97754950 0.05453407 0.20352630 0.00000000 -54.35926000 -0.22527720 -12.89515000 1.00000000
115 "NECK_C_jb" 69 -0.00000166 0.41650080 67.05380000 0.70699270 -0.01265741 0.70699430 -0.01265669 -0.00000212 -0.00000098 0.99999990 0.00000000 -0.03579380 -0.99935910 -0.00000105 0.00000000 0.99935910 -0.03579380 0.00000223 0.00000000 -66.99592000 2.81634400 -0.00014811 1.00000000
116 "NECK_B_jb" 69 0.00000307 0.66175820 65.66229000 0.70441720 -0.06160353 0.70441930 -0.06160294 -0.00000271 -0.00000060 0.99999990 0.00000000 -0.17357770 -0.98482000 -0.00000109 0.00000000 0.98482010 -0.17357770 0.00000283 0.00000000 -64.55068000 12.04922000 -0.00018921 1.00000000
117 "SPINE_F_jb" 69 -0.08013153 1.75257900 56.77215000 0.70710650 -0.00018361 0.70710710 -0.00018620 -0.00000065 0.00000366 0.99999990 0.00000000 -0.00052300 -0.99999960 0.00000366 0.00000000 0.99999980 -0.00052300 0.00000096 0.00000000 -56.77122000 1.78227100 0.08007009 1.00000000
118 "SPINE_E_jb" 69 -0.08012678 1.08449700 52.42881000 0.70504850 0.05391020 0.70504920 0.05390766 -0.00000115 0.00000354 0.99999990 0.00000000 0.15203370 -0.98837510 0.00000370 0.00000000 0.98837520 0.15203370 0.00000088 0.00000000 -51.98421000 -6.89905400 0.08007596 1.00000000
119 "SPINE_D_jb" 69 -0.08012266 0.47429080 48.84343000 0.70459600 0.05953201 0.70459680 0.05952947 -0.00000132 0.00000350 1.00000000 0.00000000 0.16778060 -0.98582450 0.00000366 0.00000000 0.98582450 0.16778060 0.00000071 0.00000000 -48.23062000 -7.72741100 0.08008565 1.00000000
120 "SPINE_C_jb" 69 -0.08012080 0.35770350 45.92868000 0.70696530 0.01413480 0.70696570 0.01413223 -0.00000062 0.00000362 1.00000000 0.00000000 0.03996762 -0.99920090 0.00000364 0.00000000 0.99920090 0.03996762 0.00000057 0.00000000 -45.90628000 -1.47824200 0.08009255 1.00000000
121 "SPINE_B_jb" 69 -0.08012029 0.53258990 43.18883000 0.70674750 -0.02253174 0.70674790 -0.02253432 -0.00000024 0.00000365 0.99999990 0.00000000 -0.06370064 -0.99796870 0.00000362 0.00000000 0.99796890 -0.06370064 0.00000071 0.00000000 -43.06718000 3.28266400 0.08008697 1.00000000
122 "ARM_R_PARENT_jor" 71 -8.78033500 1.90175800 59.29106000 0.00000000 0.00000000 0.00000000 1.00000000 1.00000000 0.00000000 0.00000000 0.00000000 0.00000000 1.00000000 0.00000000 0.00000000 0.00000000 0.00000000 1.00000000 0.00000000 8.78033500 -1.90175800 -59.29106000 1.00000000
123 "ARM_L_PARENT_jor" 70 8.78030300 1.90176100 59.29131000 0.00000000 0.00000000 0.00000000 1.00000000 1.00000000 0.00000000 0.00000000 0.00000000 0.00000000 1.00000000 0.00000000 0.00000000 0.00000000 0.00000000 1.00000000 0.00000000 -8.78030300 -1.90176100 -59.29131000 1.00000000
124 "ARM_R_SPOT" 122 -0.00000095 0.00000060 0.00000763 0.05692041 -0.41548630 0.01656744 0.90766560 0.65419330 -0.07737469 -0.75235920 0.00000000 -0.01722391 0.99297120 -0.11709650 0.00000000 0.75613120 0.08956230 0.64826240 0.00000000 -39.05503000 -7.87801200 -44.81945000 1.00000000
125 "ARM_R_ADJ" 124 0.00000000 0.00000000 -0.00000381 0.00000000 0.00000001 0.00000000 1.00000000 0.65419330 -0.07737469 -0.75235920 0.00000000 -0.01722391 0.99297120 -0.11709650 0.00000000 0.75613120 0.08956230 0.64826240 0.00000000 -39.05503000 -7.87801200 -44.81945000 1.00000000
126 "ARM_UR_ctrl" 125 0.00000000 0.00000000 0.00000000 0.00000000 0.00000001 0.00000000 1.00000000 0.65419330 -0.07737469 -0.75235920 0.00000000 -0.01722391 0.99297120 -0.11709650 0.00000000 0.75613120 0.08956230 0.64826240 0.00000000 -39.05503000 -7.87801200 -44.81945000 1.00000000
127 "ARM_L_SPOT" 123 0.00000286 0.00000060 0.00000000 0.01656739 0.90766570 0.05692060 -0.41548600 -0.65419390 0.07737473 -0.75235880 0.00000000 -0.01722412 0.99297120 0.11709680 0.00000000 0.75613090 0.08956271 -0.64826290 0.00000000 -39.05521000 -7.87805800 44.81960000 1.00000000
128 "ARM_L_ADJ" 127 0.00000000 0.00000000 0.00000000 0.00000000 -0.00000001 0.00000000 1.00000000 -0.65419390 0.07737473 -0.75235880 0.00000000 -0.01722412 0.99297120 0.11709680 0.00000000 0.75613090 0.08956271 -0.64826290 0.00000000 -39.05521000 -7.87805800 44.81960000 1.00000000
129 "ARM_UL_ctrl" 128 0.00000000 0.00000000 0.00000000 -0.00000002 -0.00000001 -0.00000002 1.00000000 -0.65419390 0.07737475 -0.75235880 0.00000000 -0.01722415 0.99297120 0.11709680 0.00000000 0.75613090 0.08956276 -0.64826290 0.00000000 -39.05521000 -7.87806100 44.81960000 1.00000000
130 "LEG_LC_DR" 107 -18.24155000 0.00001597 -0.00008440 -0.00000011 0.00000364 0.00000031 1.00000000 -0.03856079 -0.05553067 -0.99771210 0.00000000 -0.06767586 0.99630730 -0.05283687 0.00000000 0.99696190 0.06548359 -0.04217644 0.00000000 -20.62958000 -2.94107100 6.00752500 1.00000000
131 "LEG_LD_DR" 130 -1.75884200 -0.00000358 0.00013542 -0.00000030 0.00001052 -0.00005617 1.00000000 -0.03853371 -0.05553441 -0.99771290 0.00000000 -0.06778669 0.99629970 -0.05283768 0.00000000 0.99695540 0.06559561 -0.04215571 0.00000000 -18.87053000 -2.94319100 6.00699700 1.00000000
132 "LEG_RC_DR" 106 -18.24156000 0.00001550 -0.00008440 -0.00000005 0.00000238 -0.00436331 0.99999060 0.03632256 0.05528075 -0.99780990 0.00000000 -0.06802872 0.99628940 0.05272011 0.00000000 0.99702190 0.06596480 0.03994843 0.00000000 -20.64210000 -2.80181100 -5.92012500 1.00000000
133 "LEG_RD_DR" 132 -1.75884100 -0.00000381 0.00013542 -0.00000013 0.00000469 -0.00439232 0.99999030 0.03584495 0.05559799 -0.99780950 0.00000000 -0.07677853 0.99565340 0.05271969 0.00000000 0.99640360 0.07472062 0.03995785 0.00000000 -18.85786000 -2.96757800 -5.92043900 1.00000000
134 "ARM_RA_BIND_DR" 125 0.00000000 0.00000000 0.00000381 0.00000000 0.00000001 0.00000000 1.00000000 0.65419330 -0.07737469 -0.75235920 0.00000000 -0.01722391 0.99297120 -0.11709650 0.00000000 0.75613120 0.08956230 0.64826240 0.00000000 -39.05503000 -7.87801200 -44.81945000 1.00000000
135 "ARM_LA_BIND_DR" 128 0.00000000 0.00000000 0.00000000 -0.00000002 -0.00000001 -0.00000001 1.00000000 -0.65419390 0.07737475 -0.75235880 0.00000000 -0.01722413 0.99297120 0.11709680 0.00000000 0.75613090 0.08956274 -0.64826290 0.00000000 -39.05521000 -7.87806000 44.81960000 1.00000000
136 "SPINE_G_PARENTER_jor" 69 -0.08013384 1.75035400 61.02771000 0.70352150 -0.07111315 0.70352180 -0.07111578 0.00000004 0.00000375 1.00000000 0.00000000 -0.20012230 -0.97977100 0.00000368 0.00000000 0.97977100 -0.20012230 0.00000069 0.00000000 -59.44290000 13.92795000 0.08008442 1.00000000
137 "FRILL_jor" 67 -0.08013307 1.75035400 61.02771000 0.70352150 -0.07111314 0.70352180 -0.07111577 0.00000003 0.00000373 1.00000000 0.00000000 -0.20012230 -0.97977100 0.00000366 0.00000000 0.97977100 -0.20012230 0.00000069 0.00000000 -59.44290000 13.92795000 0.08008473 1.00000000
138 "ARM_LC_BIND_DR" 135 -10.83881000 0.00000000 0.00000000 -0.00000001 -0.00000005 0.10452850 0.99452190 -0.62381110 0.21169850 -0.75235860 0.00000000 0.18960260 0.97485350 0.11709680 0.00000000 0.75822850 -0.06960285 -0.64826300 0.00000000 -29.23773000 -1.83938700 44.81961000 1.00000000
139 "ARM_LD_BIND_DR" 138 -1.33572200 -0.00000048 0.00000000 -0.00000002 -0.00000001 0.10452850 0.99452190 -0.56616480 0.33677010 -0.75235870 0.00000000 0.38814280 0.91413000 0.11709690 0.00000000 0.72718820 -0.22572640 -0.64826300 0.00000000 -27.67472000 4.00196100 44.81961000 1.00000000
140 "ARM_RC_BIND_DR" 134 -10.83880000 0.00000000 0.00000000 0.00000000 0.00000001 0.10452850 0.99452190 0.62381050 -0.21169830 -0.75235920 0.00000000 0.18960280 0.97485350 -0.11709650 0.00000000 0.75822900 -0.06960339 0.64826240 0.00000000 -29.23757000 -1.83937400 -44.81945000 1.00000000
